70.399995 135.599991 127.799992 132.999991
71.843901 135.770612 127.869756 133.000000
71.258501 135.792629 127.803388 133.103109
72.040263 135.941250 127.905631 133.099772
70.676889 135.928773 127.838533 133.203122
70.778368 135.763963 127.868478 133.176793
71.349258 135.843613 127.744016 133.141551
70.561096 135.874133 127.798952 133.197590
70.175376 135.734088 127.810422 133.200056
70.052267 135.762589 127.861921 133.200000
71.273441 135.896176 127.931823 133.200000
70.343443 135.954164 128.014951 133.295690
71.829558 136.054468 127.999377 133.395845
70.319888 135.921045 128.105078 133.387954
69.889459 135.866843 128.099804 133.327912
71.496407 136.142993 128.052074 133.413184
72.689242 136.313869 128.091695 133.495179
71.737498 136.444025 128.171233 133.595863
69.902894 136.138352 128.278236 133.600151
70.041134 135.925917 128.311373 133.451595
69.568524 135.454554 128.227836 133.077635
69.747330 134.846341 127.909089 132.566958
69.712576 134.522029 127.365401 132.046540
69.281770 134.023500 126.749881 131.582196
68.411736 133.628409 126.163075 131.176844
68.660662 133.412044 125.748782 130.887933
68.523236 133.305269 125.497098 130.687467
68.542274 133.183041 125.384938 130.586974
68.345897 133.121408 125.486565 130.513382
69.801088 133.156053 125.498372 130.390849
69.332178 133.054954 125.455727 130.328625
69.732659 133.065228 125.266437 130.291439
69.889794 132.881817 125.029912 130.228821
69.052446 132.858984 124.910652 130.198842
67.540228 132.867258 124.798454 130.198194
66.949446 132.762637 124.800156 130.236421
68.914663 132.849380 124.801847 130.372954
68.940350 133.581125 125.038066 130.648332
68.788114 133.627726 125.447894 130.947100
68.763033 133.789642 125.785902 131.114277
68.404121 133.949382 126.003836 131.200083
68.708702 133.807942 126.102591 131.303388
67.844492 133.757493 126.047538 131.410945
67.437916 133.775011 126.111772 131.399550
66.462494 133.764249 126.212504 131.400016
68.298778 133.703408 126.269943 131.400000
67.538184 133.907344 126.299106 131.484363
68.117435 134.028518 126.403738 131.502367
67.860767 134.177047 126.509833 131.597730
67.648771 134.209597 126.578740 131.695810
67.572487 134.073859 126.596068 131.700150
67.722558 134.242427 126.695785 131.699996
67.649976 134.067931 126.696045 131.700000
67.855500 133.998291 126.598220 131.700000
67.178641 134.001240 126.494874 131.700000
66.686690 134.268797 126.597835 131.700000
66.168925 133.795931 126.600124 131.741607
65.784232 133.863073 126.661497 131.698505
65.441187 133.740642 126.741113 131.700055
66.419581 133.878411 126.800878 131.699998
66.608703 133.828575 126.835345 131.700000
66.322690 133.905557 126.803670 131.771612
66.961917 134.173499 126.799841 131.807279
66.914840 134.257555 126.800006 131.902792
67.423381 134.195520 126.836263 131.899784
67.643944 134.210850 126.907808 132.003788
67.632786 134.415707 126.999589 132.113139
68.233022 134.392240 127.006081 132.099644
67.445765 134.304388 127.001017 132.062801
68.203586 134.231509 126.999894 131.815770
69.213214 133.960852 126.810823 131.601928
68.579900 134.043523 126.452560 131.402283
69.311482 134.073912 126.067676 131.399707
68.402043 133.932623 125.831696 131.400020
69.168914 134.077035 125.909799 131.399999
69.602892 134.108682 126.010253 131.505133
69.614213 134.266380 126.169029 131.613098
69.305541 134.438748 126.310435 131.710841
68.961066 134.613728 126.511441 131.802652
70.347414 134.485039 126.598565 131.832755
69.858838 134.501733 126.494125 131.899641
69.039244 134.561011 126.544727 131.900046
69.643076 134.616344 126.566504 131.978809
69.415502 134.713259 126.518025 132.100395
69.094749 134.777337 126.511387 132.200755
68.463272 134.844266 126.723687 132.303358
69.036297 134.924764 126.883630 132.311947
68.806814 134.954122 127.001439 132.412471
68.918528 135.042304 127.001829 132.537490
69.005786 135.036295 127.084999 132.602723
68.393325 135.011433 127.199740 132.689969
69.114160 135.067946 127.299302 132.703911
67.777879 135.090470 127.371641 132.699803
68.085327 135.087852 127.413834 132.700009
66.946703 134.867167 127.392384 132.700000
67.510990 134.784171 127.347767 132.687803
66.635076 134.835930 127.357270 132.591653
64.771345 134.671019 127.396955 132.598354
65.361465 134.402076 127.486599 132.430635
64.883567 134.335697 127.483740 132.361537
66.348962 134.262782 127.390765 132.288293
66.148868 134.296701 127.312361 132.279371
65.476382 134.235131 127.222935 132.200792
65.721888 134.276657 127.201669 132.199620
66.339479 134.189479 127.177026 132.200029
66.078428 134.231405 127.100476 132.097674
66.035029 134.205935 127.036410 131.930364
66.284783 134.219345 126.782469 131.827153
65.933345 134.256265 126.484810 131.687719
66.305397 134.062689 126.266479 131.834685
66.001038 134.037899 126.144066 131.938647
66.598807 134.207510 126.206439 132.114603
66.609574 134.225686 126.500816 132.111801
65.489910 134.306760 126.780772 132.200267
66.526820 134.561194 127.073047 132.406911
67.421178 134.846195 127.404214 132.608432
69.315458 135.306153 127.672596 132.902889
67.997484 135.865563 127.947129 133.291923
67.702921 136.112341 128.285067 133.648579
68.040588 136.306092 128.614860 133.912080
66.894374 136.379198 128.806793 134.111351
66.859266 136.379040 128.999752 134.210766
65.908211 136.282907 128.997969 134.199551
66.414009 136.024021 128.884734 134.128404
66.875253 135.799330 128.787173 133.889227
66.493178 135.394286 128.615687 133.507503
66.859777 135.016084 128.248201 133.078189
67.766446 134.884162 127.706003 132.832595
68.286422 134.921527 127.203782 132.702996
67.802858 135.144625 126.995874 132.699900
68.520943 135.257421 127.128195 132.778814
68.260182 135.404443 127.414338 132.871539
68.993742 135.399906 127.683191 132.901153
68.504696 135.500468 127.806486 132.901806
68.865952 135.507692 127.799994 132.915413
68.863525 135.435400 127.801269 132.899716
69.030987 135.398495 127.602448 132.877080
69.491891 135.327605 127.488499 132.800475
69.260236 135.300709 127.301024 132.762730
69.226949 135.228812 127.278815 132.698582
70.220999 135.151803 127.279025 132.604350
69.216052 135.026512 127.200017 132.490678
69.278402 135.002810 127.059713 132.372840
72.146522 135.198977 126.986608 132.302917
71.695749 135.575933 126.801156 132.398979
70.544691 135.407369 126.840281 132.507891
70.546273 135.389297 126.960896 132.607837
70.686166 135.364979 126.997740 132.568572
70.058192 135.201095 126.999971 132.426713
71.021765 135.044550 127.000006 132.287715
71.242214 135.282257 126.789812 132.204822
71.333897 135.202457 126.583411 132.116720
71.996513 135.312094 126.463126 132.209061
73.267320 135.434805 126.417979 132.325433
71.989260 135.596803 126.537249 132.398148
71.724880 135.505184 126.817782 132.500440
71.973574 135.500596 126.858622 132.463073
72.732068 135.564819 126.863191 132.398555
72.474189 135.518545 126.771839 132.304352
72.863009 135.569834 126.590680 132.299844
73.187625 135.492362 126.585681 132.300005
73.258996 135.485536 126.453565 132.201175
74.082324 135.303784 126.404519 132.010982
73.571846 135.060180 126.297209 131.785644
74.049592 135.153441 126.055821 131.656207
74.807412 135.331509 125.801830 131.678362
74.795811 135.386523 125.702479 131.737185
75.355350 135.501028 125.770669 131.801433
75.882640 135.832754 125.916161 131.911155
76.436511 136.024143 126.009032 131.995227
75.471343 136.023871 126.211486 132.001452
75.503996 135.990169 126.298564 131.999879
75.525442 136.100896 126.284640 131.998151
76.184091 136.112741 126.268401 131.830637
75.114164 136.115685 126.238799 131.798742
75.760844 135.985495 126.198611 131.911250
76.403234 136.032111 126.200051 132.001859
75.589710 135.990832 126.152066 132.169653
75.937178 136.010532 126.055620 132.312430
75.878459 135.965533 126.035514 132.412702
75.824535 136.229548 126.062895 132.500131
74.976955 136.215929 126.168414 132.600746
74.510698 136.097314 126.309528 132.600250
75.002093 136.183111 126.421714 132.599978
74.828194 136.160218 126.634103 132.661273
74.583194 136.239776 126.778985 132.587433
75.397808 136.294258 126.752391 132.500040
73.898848 136.230280 126.801683 132.394654
74.185381 136.088586 126.778986 132.400219
74.634465 136.073020 126.663945 132.425000
73.382650 135.998545 126.577735 132.514380
73.369756 135.914842 126.500246 132.506998
73.025888 135.847883 126.497928 132.403935
72.703970 135.663077 126.528752 132.328249
71.762453 135.602792 126.499145 132.297009
71.671306 135.515441 126.462821 132.165094
70.981255 135.254251 126.425577 132.096601
71.124054 135.043751 126.285917 131.988819
71.233067 134.889707 126.266118 131.899736
70.502288 134.962530 126.203297 131.795008
70.374880 134.720302 126.162765 131.700624
70.043523 134.610230 125.979216 131.602118
69.437689 134.403565 126.000664 131.425165
67.383752 134.076820 125.825262 131.222517
67.575288 133.449501 125.749688 130.809402
67.275792 133.066943 125.386865 130.354382
68.220834 132.628139 124.920057 129.949399
69.526532 132.509201 124.479452 129.653689
69.235589 132.651810 124.083280 129.599028
70.925018 132.596446 123.903732 129.600021
70.968940 132.880482 123.854199 129.637205
71.443529 132.947405 123.985201 129.785785
72.000520 133.346952 124.053398 129.887266
71.784637 133.440025 124.241338 129.895555
72.094287 133.604483 124.343918 129.900122
71.832246 133.612425 124.390477 130.013217
71.469606 133.575361 124.422681 130.095334
70.727622 133.576887 124.489238 130.197130
69.894775 133.348365 124.495759 130.200035
69.458211 133.355777 124.500102 130.220183
69.325927 133.247581 124.583493 130.200219
69.025713 133.103539 124.497871 130.212173
68.572080 133.149334 124.512060 130.204572
69.427552 133.090971 124.581563 130.199869
57.057385 131.077188 125.959055 129.915153
56.442215 130.923195 126.042577 129.889543
56.080474 130.922790 126.009975 129.897472
56.274219 131.035057 126.026406 129.900096
56.209407 130.964406 126.037699 129.899997
56.268912 130.952972 126.034341 129.900000
55.928032 131.002254 126.101401 129.900000
56.142487 130.909427 126.198578 129.910340
56.377738 130.867633 126.173204 129.890313
57.017936 130.669350 126.101884 129.515988
56.979755 130.424760 125.852635 129.146015
59.049812 130.564846 125.442134 128.877944
58.902227 130.434381 125.010612 128.694977
59.119169 130.314188 124.693473 128.599616
58.958569 130.268347 124.514995 128.599729
59.151275 130.394160 124.560611 128.612219
59.666167 130.410244 124.711875 128.707679
59.135707 130.540753 124.800156 128.839955
59.564218 130.609534 124.995691 128.972820
58.566188 130.680161 125.115488 129.110276
59.317690 130.706235 125.311220 129.202107
58.777337 130.863923 125.328430 129.299059
59.093810 130.826945 125.401068 129.300000
58.980492 130.853915 125.311645 129.300002
59.013258 130.822980 125.297982 129.300000
58.235994 130.799957 125.274798 129.267616
58.456035 130.844953 125.316597 129.214149
58.167646 130.729040 125.270474 129.189946
58.130645 130.584330 125.300890 129.092330
57.535193 130.394279 125.196864 128.973960
57.835737 130.266533 125.159176 128.898446
57.306984 130.206468 125.000125 128.775340
56.922898 130.061331 124.997820 128.688776
57.048643 129.825744 124.805306 128.497366
57.821074 129.450998 124.632538 128.161171
57.032813 129.002491 124.374848 127.779602
56.938908 128.588063 123.969134 127.350918
56.796478 128.179216 123.471430 126.910400
55.323261 127.645793 122.975193 126.456297
55.051339 127.107320 122.508309 126.005893
54.929310 126.951173 122.198376 125.652952
54.548250 126.658002 121.997117 125.413335
54.560127 126.380992 121.806682 125.147739
53.597860 126.231657 121.758111 125.027050
54.491371 126.074638 121.697729 124.860520
54.134489 125.909873 121.735760 124.763705
53.750430 125.813242 121.690317 124.703156
53.950888 125.927491 121.721611 124.733979
54.636339 126.054440 121.797905 124.699746
54.240635 125.952580 121.959821 124.785506
53.507435 126.034784 121.988898 124.782942
53.907558 126.000562 122.198194 124.812940
53.986397 126.341673 122.379770 125.124091
53.926814 126.516767 122.835380 125.486955
53.168640 126.931448 123.413196 125.926847
54.004566 127.192472 123.961793 126.221049
53.795965 127.343580 124.383073 126.411386
53.667153 127.315643 124.541132 126.572242
52.888672 127.501059 124.601150 126.646513
52.968507 127.469641 124.734860 126.705664
52.036798 127.720915 124.806765 126.699609
52.036246 127.489233 124.975203 126.808710
51.853236 127.438510 125.038210 126.846614
56.589241 127.643828 125.160586 126.819171
54.937661 128.280698 125.321004 127.123660
55.254603 128.316780 125.510995 127.411783
54.716666 128.501006 125.669820 127.548226
54.624702 128.599779 125.761396 127.613148
54.084951 128.616654 125.801409 127.813457
54.106052 128.800498 125.942207 127.835018
54.688690 128.734844 126.008647 127.890303
54.547345 128.540993 126.069338 127.829257
54.885519 128.593822 125.993296 127.685978
54.008874 128.428180 125.886906 127.599909
54.332296 128.390554 125.777946 127.599722
54.990342 128.287488 125.551930 127.501031
