0.546705
0.696003
0.948183
0.696404
0.894041
0.846548
0.88425
0.611003
0.761788
0.890714
0.954477
0.680562
0.767391
0.817887
0.936363
0.596451
0.90559
0.852391
0.746939
0.775477
0.737829
0.911982
0.519763
0.970603
0.65799
0.857479
0.933906
0.952792
0.73496
0.623471
0.931452
0.918378
0.956977
0.85891
0.959328
0.83575
0.79702
0.748168
0.877028
0.857366
0.938587
0.886021
0.625309
0.927498
0.651971
0.909197
0.921918
0.883132
0.949463
0.966424
0.776963
0.721713
0.912957
0.883875
0.918626
0.907261
0.700247
0.931614
0.866712
0.964411
0.843059
0.910765
0.845498
0.5661
0.740201
0.812822
0.765274
0.790158
0.901598
0.866794
0.806697
0.726594
0.961321
0.834164
0.836248
0.912951
0.777487
0.940985
0.835578
0.772141
0.697266
0.520884
0.918298
0.712969
0.719257
0.776931
0.785568
0.817945
0.775354
0.921983
0.939115
0.634745
0.811837
0.876822
0.803054
0.689958
0.903291
0.943789
0.857716
0.899608
